Fidelity Measurement Error Mitigation =  0.92266845703125

Calibration matrix:

[[9.64843750e-01 4.10156250e-02 3.49121094e-02 2.92968750e-03
  4.02832031e-02 1.70898438e-03 1.70898438e-03 0.00000000e+00]
 [1.07421875e-02 9.34326172e-01 2.44140625e-04 4.05273438e-02
  4.88281250e-04 4.29687500e-02 0.00000000e+00 1.70898438e-03]
 [9.03320312e-03 4.88281250e-04 9.39697266e-01 4.41894531e-02
  4.88281250e-04 4.88281250e-04 4.12597656e-02 9.76562500e-04]
 [0.00000000e+00 6.10351562e-03 9.52148438e-03 8.96484375e-01
  0.00000000e+00 4.88281250e-04 1.46484375e-03 3.85742188e-02]
 [1.51367188e-02 7.32421875e-04 2.44140625e-04 0.00000000e+00
  9.41162109e-01 3.73535156e-02 3.49121094e-02 2.44140625e-04]
 [2.44140625e-04 1.73339844e-02 0.00000000e+00 7.32421875e-04
  1.07421875e-02 9.10400391e-01 2.44140625e-04 3.83300781e-02]
 [0.00000000e+00 0.00000000e+00 1.53808594e-02 1.95312500e-03
  6.34765625e-03 0.00000000e+00 9.09667969e-01 3.54003906e-02]
 [0.00000000e+00 0.00000000e+00 0.00000000e+00 1.31835938e-02
  4.88281250e-04 6.59179688e-03 1.07421875e-02 8.84765625e-01]]