Transmons
f01 frequencies (GHz)
f12 frequencies (GHz)
anharmonicities (GHz)
Pi amplitude 1 --> 2
beta 1 --> 2
[0, 1, 2, 3, 4]
[4.968704036587863, 4.77009863897152, 5.015164295906037, 5.259213775689437, 4.997538045579781]
[4.631076446474793, 4.442679983466021, 4.677439774737897, 4.926392908405269, 4.658177095397646]
[-3.376275901130698e-10, -3.274186555054999e-10, -3.377245211681405e-10, -3.32820867284168e-10, -3.3936095018213535e-10]
[0.23857486738989986, 0.2540329343395415, 0.2774794693990326, 0.22486445448362594, 0.26738297918193904]
[-3.0236149546343314, -2.8303232637696967, -5.209187594777642, -6.967203705705847, -5.636682297849397]
