Fidelity Measurement Error Mitigation =  0.929046630859375

Calibration matrix:
[[9.63134766e-01 3.68652344e-02 3.54003906e-02 1.46484375e-03
  3.88183594e-02 1.70898438e-03 1.46484375e-03 2.44140625e-04]
 [1.00097656e-02 9.39941406e-01 2.44140625e-04 3.75976562e-02
  2.44140625e-04 3.51562500e-02 0.00000000e+00 1.22070312e-03]
 [9.52148438e-03 2.44140625e-04 9.40673828e-01 4.00390625e-02
  4.88281250e-04 0.00000000e+00 3.78417969e-02 1.46484375e-03]
 [0.00000000e+00 6.83593750e-03 6.83593750e-03 9.04052734e-01
  0.00000000e+00 2.44140625e-04 4.88281250e-04 3.75976562e-02]
 [1.73339844e-02 7.32421875e-04 9.76562500e-04 2.44140625e-04
  9.47753906e-01 3.12500000e-02 3.14941406e-02 1.46484375e-03]
 [0.00000000e+00 1.53808594e-02 0.00000000e+00 4.88281250e-04
  5.61523438e-03 9.25781250e-01 4.88281250e-04 3.78417969e-02]
 [0.00000000e+00 0.00000000e+00 1.56250000e-02 1.70898438e-03
  6.83593750e-03 2.44140625e-04 9.21630859e-01 3.07617188e-02]
 [0.00000000e+00 0.00000000e+00 2.44140625e-04 1.44042969e-02
  2.44140625e-04 5.61523438e-03 6.59179688e-03 8.89404297e-01]]