Transmons
f01 frequencies (GHz)
f12 frequencies (GHz)
anharmonicities (GHz)
Pi amplitude 1 --> 2
beta 1 --> 2
[0, 1, 2, 3, 4]
[4.968701417937512, 4.7700948096369435, 5.015169125515575, 5.259213587816373, 4.99753803529236]
[4.6310738278244425, 4.442676154131444, 4.677444604347435, 4.9263927205322045, 4.658177085110224]
[-3.376275901130698e-10, -3.274186555054999e-10, -3.377245211681405e-10, -3.32820867284168e-10, -3.3936095018213535e-10]
[0.2396760018661976, 0.255166656737527, 0.2766761046772917, 0.2246991818535248, 0.26610419670854224]
[-2.404668144170988, -2.501162119810231, -5.019462839270278, -7.027088529127986, -5.338538480912882]
